0
67
135
202
270
337
405
473
540
608
675
743
811
878
946
1013
1081
1149
1216
1284
1351
1419
1487
1554
1622
1689
1757
1825
1892
1960
2027
2095
2163
2230
2298
2365
2433
2501
2568
2636
2703
2771
2839
2906
2974
3041
3109
3177
3244
3312
3379
3447
3515
3582
3650
3717
3785
3853
3920
3988
4055
4123
4191
4258
4326
4393
4461
4529
4596
4664
4731
4799
4867
4934
5002
5069
5137
5205
5272
5340
5407
5475
5543
5610
5678
5745
5813
5881
5948
6016
6083
6151
6219
6286
6354
6421
6489
6557
6624
6692
6759
6827
6895
6962
7030
7097
7165
7233
7300
7368
7435
7503
7571
7638
7706
7773
7841
7909
7976
8044
8111
8179
8247
8314
8382
8449
8517
8585
8652
8720
8787
8855
8923
8990
9058
9125
9193
9261
9328
9396
9463
9531
9599
9666
9734
9801
9869
9937
10004
10072
10139
10207
10275
10342
10410
10477
10545
10613
10680
10748
10815
10883
10951
11018
11086
11153
11221
11289
11356
11424
11491
11559
11627
11694
11762
11829
11897
11965
12032
12100
12167
12235
12303
12370
12438
12505
12573
12641
12708
12776
12843
12911
12979
13046
13114
13181
13249
13317
13384
13452
13519
13587
13655
13722
13790
13857
13925
13993
14060
14128
14195
14263
14331
14398
14466
14533
14601
14669
14736
14804
14871
14939
15007
15074
15142
15209
15277
15345
15412
15480
15547
15615
15683
15750
15818
15885
15953
16021
16088
16156
16223
16291
16359
16426
16494
16561
16629
16697
16764
16832
16899
16967
17035
17102
17170
17237
17305
17373
17440
17508
17575
17643
17711
17778
17846
17913
17981
18049
18116
18184
18251
18319
18387
18454
18522
18589
18657
18725
18792
18860
18927
18995
19063
19130
19198
19265
19333
19401
19468
19536
19603
19671
19739
19806
19874
19941
20009
20077
20144
20212
20279
20347
20415
20482
20550
20617
20685
20753
20820
20888
20955
21023
21091
21158
21226
21293
21361
21429
21496
21564
21631
21699
21767
21834
21902
21969
22037
22105
22172
22240
22307
22375
22443
22510
22578
22645
22713
22781
22848
22916
22983
23051
23119
23186
23254
23321
23389
23457
23524
23592
23659
23727
23795
23862
23930
23997
24065
24133
24200
24268
24335
24403
24471
24538
24606
24673
24741
24809
24876
24944
25011
25079
25147
25214
25282
25349
25417
25485
25552
25620
25687
25755
25823
25890
25958
26025
26093
26161
26228
26296
26363
26431
26499
26566
26634
26701
26769
26837
26904
26972
27039
27107
27175
27242
27310
27377
27445
27513
27580
27648
27715
27783
27851
27918
27986
28053
28121
28189
28256
28324
28391
28459
28527
28594
28662
28729
28797
28865
28932
29000
29067
29135
29203
29270
29338
29405
29473
29541
29608
29676
29743
29811
29879
29946
30014
30081
30149
30217
30284
30352
30419
30487
30555
30622
30690
30757
30825
30893
30960
31028
31095
31163
31231
31298
31366
31433
31501
31569
31636
31704
31771
31839
31907
31974
32042
32109
32177
32245
32312
32380
32447
32515
32583
32650
32718
32785
32853
32921
32988
33056
33123
33191
33259
33326
33394
33461
33529
33597
33664
33732
33799
33867
33934
34002
34070
34137
34205
34272
34340
34408
34475
34543
34610
34678
34746
34813
34881
34948
35016
35084
35151
35219
35286
35354
35422
35489
35557
35624
35692
35760
35827
35895
35962
36030
36098
36165
36233
36300
36368
36436
36503
36571
36638
36706
36774
36841
36909
36976
37044
37112
37179
37247
37314
37382
37450
37517
37585
37652
37720
37788
37855
37923
37990
38058
38126
38193
38261
38328
38396
38464
38531
38599
38666
38734
38802
38869
38937
39004
39072
39140
39207
39275
39342
39410
39478
39545
39613
39680
39748
39816
39883
39951
40018
40086
40154
40221
40289
40356
40424
40492
40559
40627
40694
40762
40830
40897
40965
41032
41100
41168
41235
41303
41370
41438
41506
41573
41641
41708
41776
41844
41911
41979
42046
42114
42182
42249
42317
42384
42452
42520
42587
42655
42722
42790
42858
42925
42993
43060
43128
43196
43263
43331
43398
43466
43534
43601
43669
43736
43804
43872
43939
44007
44074
44142
44210
44277
44345
44412
44480
44548
44615
44683
44750
44818
44886
44953
45021
45088
45156
45224
45291
45359
45426
45494
45562
45629
45697
45764
45832
45900
45967
46035
46102
46170
46238
46305
46373
46440
46508
46576
46643
46711
46778
46846
46914
46981
47049
47116
47184
47252
47319
47387
47454
47522
47590
47657
47725
47792
47860
47928
47995
48063
48130
48198
48266
48333
48401
48468
48536
48604
48671
48739
48806
48874
48942
49009
49077
49144
49212
49280
49347
49415
49482
49550
49618
49685
49753
49820
49888
49956
50023
50091
50158
50226
50294
50361
50429
50496
50564
50632
50699
50767
50834
50902
50970
51037
51105
51172
51240
51308
51375
51443
51510
51578
51646
51713
51781
51848
51916
51984
52051
52119
52186
52254
52322
52389
52457
52524
52592
52660
52727
52795
52862
52930
52998
53065
53133
53200
53268
53336
53403
53471
53538
53606
53674
53741
53809
53876
53944
54012
54079
54147
54214
54282
54350
54417
54485
54552
54620
54688
54755
54823
54890
54958
55026
55093
55161
55228
55296
55364
55431
55499
55566
55634
55702
55769
55837
55904
55972
56040
56107
56175
56242
56310
56378
56445
56513
56580
56648
56716
56783
56851
56918
56986
57054
57121
57189
57256
57324
57392
57459
57527
57594
57662
57730
57797
57865
57932
58000
58068
58135
58203
58270
58338
58406
58473
58541
58608
58676
58744
58811
58879
58946
59014
59082
59149
59217
59284
59352
59420
59487
59555
59622
59690
59758
59825
59893
59960
60028
60096
60163
60231
60298
60366
60434
60501
60569
60636
60704
60772
60839
60907
60974
61042
61110
61177
61245
61312
61380
61448
61515
61583
61650
61718
61786
61853
61921
61988
62056
62124
62191
62259
62326
62394
62462
62529
62597
62664
62732
62800
62867
62935
63002
63070
63138
63205
63273
63340
63408
63476
63543
63611
63678
63746
63814
63881
63949
64016
64084
64152
64219
64287
64354
64422
64490
64557
64625
64692
64760
64828
64895
64963
65030
65098
65166
65233
65301
65368
65436
65504
65571
65639
65706
65774
65842
65909
65977
66044
66112
66180
66247
66315
66382
66450
66518
66585
66653
66720
66788
66856
66923
66991
67058
67126
67194
67261
67329
67396
67464
67532
