kernel line : count latency dram_traffic smem_bk_conflicts smem_warp gmem_access_generated gmem_warp exposed_latency warp_divergence
gemm.1.sm_75.ptx 272 : 288 26464 0 0 0 288 9 0 0 
gemm.1.sm_75.ptx 111 : 512 3072 0 0 0 0 0 0 0 
gemm.1.sm_75.ptx 110 : 512 3072 0 0 0 0 0 0 0 
gemm.1.sm_75.ptx 109 : 512 3072 0 0 0 0 0 0 0 
gemm.1.sm_75.ptx 108 : 512 3072 0 0 0 0 0 0 0 
gemm.1.sm_75.ptx 275 : 512 2560 0 0 0 0 0 0 0 
gemm.1.sm_75.ptx 107 : 512 3072 0 0 0 0 0 0 0 
gemm.1.sm_75.ptx 106 : 512 3072 0 0 0 0 0 0 0 
gemm.1.sm_75.ptx 104 : 512 0 0 0 0 0 0 0 0 
gemm.1.sm_75.ptx 271 : 288 2592 0 0 0 0 0 0 0 
gemm.1.sm_75.ptx 103 : 512 3072 0 0 0 0 0 0 0 
gemm.1.sm_75.ptx 270 : 288 1728 0 0 0 0 0 0 0 
gemm.1.sm_75.ptx 102 : 512 3072 0 0 0 0 0 0 0 
gemm.1.sm_75.ptx 269 : 288 2592 0 0 0 0 0 0 0 
gemm.1.sm_75.ptx 101 : 512 3072 0 0 0 0 0 0 0 
gemm.1.sm_75.ptx 268 : 288 1728 0 0 0 0 0 0 0 
gemm.1.sm_75.ptx 100 : 512 3072 0 0 0 0 0 0 0 
gemm.1.sm_75.ptx 267 : 288 2656 0 0 0 0 0 0 0 
gemm.1.sm_75.ptx 99 : 512 3072 0 0 0 0 0 0 0 
gemm.1.sm_75.ptx 266 : 288 1856 0 0 0 0 0 0 0 
gemm.1.sm_75.ptx 98 : 512 3072 0 0 0 0 0 0 0 
gemm.1.sm_75.ptx 265 : 288 2624 0 0 0 0 0 0 0 
gemm.1.sm_75.ptx 97 : 512 3072 0 0 0 0 0 0 0 
gemm.1.sm_75.ptx 264 : 288 1760 0 0 0 0 0 0 0 
gemm.1.sm_75.ptx 96 : 512 3072 0 0 0 0 0 0 0 
gemm.1.sm_75.ptx 263 : 288 2656 0 0 0 0 0 0 0 
gemm.1.sm_75.ptx 95 : 512 3072 0 0 0 0 0 0 0 
gemm.1.sm_75.ptx 262 : 288 1728 0 0 0 0 0 0 0 
gemm.1.sm_75.ptx 94 : 512 3072 0 0 0 0 0 0 0 
gemm.1.sm_75.ptx 261 : 288 2592 0 0 0 0 0 0 0 
gemm.1.sm_75.ptx 92 : 512 0 0 0 0 0 0 0 0 
gemm.1.sm_75.ptx 259 : 288 2656 0 0 0 0 0 0 0 
gemm.1.sm_75.ptx 91 : 512 3072 0 0 0 0 0 0 0 
gemm.1.sm_75.ptx 258 : 288 1856 0 0 0 0 0 0 0 
gemm.1.sm_75.ptx 90 : 512 3072 0 0 0 0 0 0 0 
gemm.1.sm_75.ptx 257 : 288 2656 0 0 0 0 0 0 0 
gemm.1.sm_75.ptx 89 : 512 3072 0 0 0 0 0 0 0 
gemm.1.sm_75.ptx 256 : 288 1792 0 0 0 0 0 0 0 
gemm.1.sm_75.ptx 88 : 512 3072 0 0 0 0 0 0 0 
gemm.1.sm_75.ptx 255 : 288 2656 0 0 0 0 0 0 0 
gemm.1.sm_75.ptx 87 : 512 3072 0 0 0 0 0 0 0 
gemm.1.sm_75.ptx 254 : 288 147808 0 0 0 288 9 0 0 
gemm.1.sm_75.ptx 86 : 512 3072 0 0 0 0 0 0 0 
gemm.1.sm_75.ptx 253 : 288 2592 0 0 0 0 0 0 0 
gemm.1.sm_75.ptx 85 : 512 3072 0 0 0 0 0 0 0 
gemm.1.sm_75.ptx 252 : 288 2592 0 0 0 0 0 0 0 
gemm.1.sm_75.ptx 84 : 512 3072 0 0 0 0 0 0 0 
gemm.1.sm_75.ptx 251 : 288 2944 0 0 0 0 0 0 0 
gemm.1.sm_75.ptx 83 : 512 2816 0 0 0 0 0 0 0 
gemm.1.sm_75.ptx 250 : 288 1824 0 0 0 0 0 0 0 
gemm.1.sm_75.ptx 82 : 512 3040 0 0 0 0 0 0 0 
gemm.1.sm_75.ptx 249 : 288 1824 0 0 0 0 0 0 0 
gemm.1.sm_75.ptx 80 : 512 0 0 0 0 0 0 0 0 
gemm.1.sm_75.ptx 247 : 288 43584 0 0 0 0 0 0 0 
gemm.1.sm_75.ptx 79 : 512 3072 0 0 0 0 0 0 0 
gemm.1.sm_75.ptx 246 : 288 2880 0 0 0 0 0 0 0 
gemm.1.sm_75.ptx 78 : 512 3072 0 0 0 0 0 0 0 
gemm.1.sm_75.ptx 245 : 288 1568 0 0 0 0 0 0 0 
gemm.1.sm_75.ptx 77 : 512 3072 0 0 0 0 0 0 0 
gemm.1.sm_75.ptx 244 : 288 1600 0 0 0 0 0 0 0 
gemm.1.sm_75.ptx 76 : 512 3072 0 0 0 0 0 0 0 
gemm.1.sm_75.ptx 243 : 288 1600 0 0 0 0 0 0 0 
gemm.1.sm_75.ptx 75 : 512 3072 0 0 0 0 0 0 0 
gemm.1.sm_75.ptx 242 : 288 1696 0 0 0 0 0 0 0 
gemm.1.sm_75.ptx 74 : 512 3072 0 0 0 0 0 0 0 
gemm.1.sm_75.ptx 241 : 288 1792 0 0 0 0 0 0 0 
gemm.1.sm_75.ptx 73 : 512 3072 0 0 0 0 0 0 0 
gemm.1.sm_75.ptx 240 : 288 3040 0 0 0 0 0 0 0 
gemm.1.sm_75.ptx 72 : 512 3072 0 0 0 0 0 0 0 
gemm.1.sm_75.ptx 239 : 288 1440 0 0 0 0 0 0 0 
gemm.1.sm_75.ptx 71 : 512 3008 0 0 0 0 0 0 0 
gemm.1.sm_75.ptx 238 : 288 1440 0 0 0 0 0 0 0 
gemm.1.sm_75.ptx 70 : 512 3040 0 0 0 0 0 0 0 
gemm.1.sm_75.ptx 237 : 288 1440 0 0 0 0 0 0 0 
gemm.1.sm_75.ptx 48 : 512 3072 0 0 0 0 0 0 0 
gemm.1.sm_75.ptx 47 : 512 3072 0 0 0 0 0 0 0 
gemm.1.sm_75.ptx 46 : 512 5344 0 0 0 0 0 0 0 
gemm.1.sm_75.ptx 45 : 512 3456 0 0 0 0 0 0 0 
gemm.1.sm_75.ptx 44 : 512 3584 0 0 0 0 0 0 0 
gemm.1.sm_75.ptx 43 : 512 3616 0 0 0 0 0 0 0 
gemm.1.sm_75.ptx 42 : 512 79744 0 0 0 0 0 0 0 
gemm.1.sm_75.ptx 41 : 512 4128 0 0 0 0 0 0 0 
gemm.1.sm_75.ptx 40 : 512 6016 0 0 0 0 0 0 0 
gemm.1.sm_75.ptx 39 : 512 2720 0 0 0 0 0 0 0 
gemm.1.sm_75.ptx 113 : 512 3072 0 0 0 0 0 0 0 
gemm.1.sm_75.ptx 34 : 512 159296 0 0 0 0 0 0 0 
gemm.1.sm_75.ptx 112 : 512 3072 0 0 0 0 0 0 0 
gemm.1.sm_75.ptx 33 : 512 158400 0 0 0 0 0 0 0 
gemm.1.sm_75.ptx 114 : 512 3072 0 0 0 0 0 0 0 
gemm.1.sm_75.ptx 35 : 512 161152 0 0 0 0 0 0 0 
gemm.1.sm_75.ptx 36 : 512 161248 0 0 0 0 0 0 0 
gemm.1.sm_75.ptx 37 : 512 8544 0 0 0 0 0 0 0 
gemm.1.sm_75.ptx 38 : 512 2912 0 0 0 0 0 0 0 
gemm.1.sm_75.ptx 49 : 512 3072 0 0 0 0 0 0 0 
gemm.1.sm_75.ptx 50 : 512 3072 0 0 0 0 0 0 0 
gemm.1.sm_75.ptx 51 : 512 3392 0 0 0 0 0 0 0 
gemm.1.sm_75.ptx 52 : 512 3168 0 0 0 0 0 0 0 
gemm.1.sm_75.ptx 53 : 512 3296 0 0 0 0 0 0 0 
gemm.1.sm_75.ptx 54 : 512 3328 0 0 0 0 0 0 0 
gemm.1.sm_75.ptx 55 : 512 3680 0 0 0 0 0 0 0 
gemm.1.sm_75.ptx 56 : 512 3456 0 0 0 0 0 0 0 
gemm.1.sm_75.ptx 57 : 512 3744 0 0 0 0 0 0 0 
gemm.1.sm_75.ptx 58 : 512 3616 0 0 0 0 0 0 0 
gemm.1.sm_75.ptx 59 : 512 3584 0 0 0 0 0 0 0 
gemm.1.sm_75.ptx 60 : 512 3360 0 0 0 0 0 0 0 
gemm.1.sm_75.ptx 61 : 512 3456 0 0 0 0 0 0 0 
gemm.1.sm_75.ptx 228 : 512 1120 0 0 0 0 0 0 0 
gemm.1.sm_75.ptx 62 : 512 0 0 0 0 0 0 0 0 
gemm.1.sm_75.ptx 229 : 288 1440 0 0 0 0 0 0 0 
gemm.1.sm_75.ptx 64 : 512 5024 0 0 0 0 0 0 0 
gemm.1.sm_75.ptx 65 : 512 5344 0 0 0 0 0 0 0 
gemm.1.sm_75.ptx 232 : 288 1024 0 0 0 0 0 0 0 
gemm.1.sm_75.ptx 66 : 512 5312 0 0 0 0 0 0 0 
gemm.1.sm_75.ptx 233 : 288 1120 0 0 0 0 0 0 0 
gemm.1.sm_75.ptx 67 : 512 3136 0 0 0 0 0 0 0 
gemm.1.sm_75.ptx 234 : 288 1440 0 0 0 0 0 0 0 
gemm.1.sm_75.ptx 68 : 512 4960 0 0 0 0 0 0 0 
gemm.1.sm_75.ptx 235 : 288 1632 0 0 0 0 0 0 0 
gemm.1.sm_75.ptx 69 : 512 3072 0 0 0 0 0 0 0 
gemm.1.sm_75.ptx 236 : 288 1824 0 0 0 0 0 0 0 
gemm.1.sm_75.ptx 115 : 512 1344 0 0 0 0 0 0 0 
gemm.1.sm_75.ptx 116 : 288 1664 0 0 0 0 0 0 0 
gemm.1.sm_75.ptx 119 : 288 1376 0 0 0 0 0 0 0 
gemm.1.sm_75.ptx 131 : 512 1216 0 0 0 0 0 0 0 
gemm.1.sm_75.ptx 120 : 288 1760 0 0 0 0 0 0 0 
gemm.1.sm_75.ptx 121 : 288 2624 0 0 0 0 0 0 0 
gemm.1.sm_75.ptx 122 : 288 2656 0 0 0 0 0 0 0 
gemm.1.sm_75.ptx 123 : 288 108928 0 0 0 144 9 0 0 
gemm.1.sm_75.ptx 124 : 288 2592 0 0 0 0 0 0 0 
gemm.1.sm_75.ptx 125 : 288 2592 0 0 0 0 0 0 0 
gemm.1.sm_75.ptx 126 : 288 188992 0 0 0 144 9 0 0 
gemm.1.sm_75.ptx 127 : 288 8704 0 0 0 0 0 0 0 
gemm.1.sm_75.ptx 148 : 512 5184 0 0 0 0 0 0 0 
gemm.1.sm_75.ptx 151 : 512 1408 0 0 0 0 0 0 0 
gemm.1.sm_75.ptx 168 : 512 5376 0 0 0 0 0 0 0 
gemm.1.sm_75.ptx 171 : 512 5152 0 0 0 0 0 0 0 
gemm.1.sm_75.ptx 128 : 288 21472 0 0 0 0 0 0 0 
gemm.1.sm_75.ptx 132 : 288 1440 0 0 0 0 0 0 0 
gemm.1.sm_75.ptx 135 : 288 6432 0 0 0 0 0 0 0 
gemm.1.sm_75.ptx 172 : 512 3072 0 0 0 0 0 0 0 
gemm.1.sm_75.ptx 136 : 288 1728 0 0 0 0 0 0 0 
gemm.1.sm_75.ptx 137 : 288 2592 0 0 0 0 0 0 0 
gemm.1.sm_75.ptx 173 : 512 4608 0 0 0 0 0 0 0 
gemm.1.sm_75.ptx 138 : 288 2592 0 0 0 0 0 0 0 
gemm.1.sm_75.ptx 174 : 512 3072 0 0 0 0 0 0 0 
gemm.1.sm_75.ptx 139 : 288 2656 0 0 0 0 0 0 0 
gemm.1.sm_75.ptx 175 : 512 2560 0 0 0 0 0 0 0 
gemm.1.sm_75.ptx 140 : 288 91104 0 0 0 144 9 0 0 
gemm.1.sm_75.ptx 141 : 288 2592 0 0 0 0 0 0 0 
gemm.1.sm_75.ptx 142 : 288 2592 0 0 0 0 0 0 0 
gemm.1.sm_75.ptx 143 : 288 2592 0 0 0 0 0 0 0 
gemm.1.sm_75.ptx 144 : 288 124256 0 0 0 144 9 0 0 
gemm.1.sm_75.ptx 145 : 288 20512 0 0 0 0 0 0 0 
gemm.1.sm_75.ptx 152 : 288 1440 0 0 0 0 0 0 0 
gemm.1.sm_75.ptx 155 : 288 8352 0 0 0 0 0 0 0 
gemm.1.sm_75.ptx 156 : 288 1728 0 0 0 0 0 0 0 
gemm.1.sm_75.ptx 157 : 288 2592 0 0 0 0 0 0 0 
gemm.1.sm_75.ptx 158 : 288 2592 0 0 0 0 0 0 0 
gemm.1.sm_75.ptx 159 : 288 2720 0 0 0 0 0 0 0 
gemm.1.sm_75.ptx 160 : 288 91040 0 0 0 144 9 0 0 
gemm.1.sm_75.ptx 161 : 288 2592 0 0 0 0 0 0 0 
gemm.1.sm_75.ptx 162 : 288 2592 0 0 0 0 0 0 0 
gemm.1.sm_75.ptx 163 : 288 2592 0 0 0 0 0 0 0 
gemm.1.sm_75.ptx 164 : 288 124000 0 0 0 144 9 0 0 
gemm.1.sm_75.ptx 165 : 288 20544 0 0 0 0 0 0 0 
gemm.1.sm_75.ptx 248 : 288 1760 0 0 0 0 0 0 0 
gemm.1.sm_75.ptx 260 : 288 1728 0 0 0 0 0 0 0 
