1,0.633471,0.638198,0.519573,0.063865,0.100818
2,0.718435,0.721611,0.667082,0.029943,0.041679
3,0.711892,0.712354,0.656833,0.033213,0.046655
4,0.711996,0.711221,0.647904,0.040738,0.057217
5,0.681945,0.678748,0.614286,0.042332,0.062076
6,0.708742,0.711548,0.638600,0.046419,0.065495
7,0.732469,0.733082,0.669934,0.039909,0.054485
8,0.742934,0.741175,0.678478,0.041375,0.055691
9,0.724534,0.725769,0.656060,0.042804,0.059079
10,0.692864,0.695232,0.613139,0.045100,0.065092
11,0.692392,0.692206,0.630252,0.041504,0.059943
12,0.705454,0.702929,0.644448,0.038306,0.054300
13,0.707032,0.709817,0.640911,0.038905,0.055026
14,0.708927,0.708855,0.645539,0.041214,0.058135
15,0.727168,0.726633,0.665705,0.038598,0.053080
16,0.741099,0.740564,0.676509,0.038911,0.052505
17,0.747984,0.747804,0.698619,0.031393,0.041970
18,0.765562,0.762992,0.704737,0.037064,0.048414
19,0.779643,0.778654,0.733392,0.031380,0.040249
20,0.785396,0.785705,0.731524,0.033758,0.042982
21,0.801307,0.799621,0.752023,0.031808,0.039695
22,0.810791,0.812320,0.756648,0.030291,0.037359
23,0.819615,0.821090,0.768078,0.031445,0.038366
24,0.826114,0.827885,0.778490,0.031000,0.037525
25,0.832328,0.833268,0.785507,0.027197,0.032676
26,0.830370,0.833332,0.777232,0.031327,0.037726
27,0.831010,0.831151,0.780956,0.029794,0.035853
28,0.833406,0.833990,0.783774,0.028845,0.034611
29,0.827330,0.827278,0.773333,0.032458,0.039233
30,0.829973,0.831421,0.783468,0.028388,0.034204
31,0.843060,0.841355,0.797857,0.028765,0.034119
32,0.835082,0.837082,0.788536,0.029299,0.035085
33,0.842932,0.843273,0.794180,0.026803,0.031797
34,0.844645,0.845544,0.799363,0.025834,0.030586
35,0.851950,0.850918,0.808872,0.025269,0.029660
36,0.852810,0.851456,0.813713,0.025938,0.030415
37,0.852612,0.853854,0.812351,0.025294,0.029666
38,0.849970,0.851121,0.808863,0.023495,0.027643
39,0.848864,0.848570,0.812299,0.023830,0.028073
40,0.853752,0.853499,0.817404,0.024069,0.028192
41,0.857076,0.856974,0.817022,0.024155,0.028182
42,0.858848,0.855699,0.822582,0.023596,0.027474
43,0.853871,0.854215,0.812206,0.025824,0.030243
44,0.855772,0.855472,0.819381,0.022042,0.025757
45,0.848993,0.847761,0.808850,0.026135,0.030783
46,0.865167,0.868832,0.823529,0.024479,0.028294
47,0.870301,0.871898,0.830305,0.023161,0.026613
48,0.872429,0.872317,0.832386,0.023719,0.027187
49,0.877601,0.876978,0.838984,0.021957,0.025019
50,0.868245,0.869185,0.827386,0.024086,0.027741
51,0.873285,0.872861,0.837583,0.022631,0.025914
52,0.871533,0.872136,0.836505,0.021414,0.024571
53,0.868878,0.869035,0.832349,0.024723,0.028454
54,0.865770,0.867024,0.822126,0.024309,0.028078
55,0.869685,0.867388,0.828919,0.025736,0.029593
56,0.862835,0.859244,0.827538,0.023036,0.026698
57,0.868350,0.869739,0.829739,0.024062,0.027711
58,0.869134,0.869683,0.831305,0.024233,0.027882
59,0.872329,0.869558,0.840331,0.020868,0.023922
60,0.869729,0.870021,0.834175,0.022020,0.025318
61,0.881162,0.881878,0.845197,0.021443,0.024335
62,0.877225,0.873958,0.838149,0.022977,0.026193
63,0.883837,0.882443,0.847120,0.022633,0.025607
64,0.879858,0.880259,0.844638,0.022702,0.025802
65,0.878441,0.878463,0.842725,0.021516,0.024493
66,0.880372,0.879974,0.850046,0.020569,0.023365
67,0.879277,0.879392,0.843212,0.020390,0.023189
68,0.885491,0.888663,0.847481,0.020228,0.022844
69,0.885079,0.889905,0.846771,0.022339,0.025240
70,0.882768,0.885311,0.847451,0.020299,0.022994
71,0.882628,0.882023,0.847813,0.021684,0.024568
72,0.877651,0.878505,0.840282,0.021402,0.024386
73,0.881787,0.881385,0.843708,0.021830,0.024756
74,0.884976,0.886599,0.846261,0.021196,0.023951
75,0.888945,0.887693,0.856591,0.019703,0.022164
76,0.887141,0.887999,0.852761,0.020221,0.022793
77,0.886532,0.888696,0.850349,0.022159,0.024996
78,0.889328,0.890168,0.855689,0.020386,0.022923
79,0.893245,0.894049,0.861098,0.019606,0.021950
80,0.892834,0.893154,0.857940,0.020560,0.023028
81,0.895318,0.896745,0.859549,0.020769,0.023197
82,0.893164,0.892329,0.864614,0.018245,0.020427
83,0.891284,0.889591,0.859640,0.020429,0.022921
84,0.888979,0.888497,0.857613,0.019185,0.021581
85,0.885657,0.884573,0.850223,0.020453,0.023094
86,0.887076,0.886575,0.857986,0.018581,0.020947
87,0.888357,0.887001,0.858160,0.020019,0.022535
88,0.889025,0.888989,0.852420,0.021326,0.023988
89,0.890964,0.890538,0.860700,0.019296,0.021658
90,0.889697,0.889132,0.856845,0.020074,0.022563
91,0.893795,0.894165,0.862910,0.017806,0.019921
92,0.893014,0.893844,0.863336,0.017791,0.019922
93,0.894475,0.895020,0.865393,0.019348,0.021631
94,0.891922,0.891825,0.858296,0.018911,0.021202
95,0.895104,0.894934,0.863011,0.020072,0.022424
96,0.890572,0.891266,0.860743,0.018172,0.020405
97,0.889642,0.889339,0.856855,0.019302,0.021697
98,0.890327,0.891429,0.856059,0.020193,0.022681
99,0.888237,0.887598,0.855005,0.020292,0.022845
100,0.886050,0.886584,0.854927,0.019060,0.021511
101,0.889334,0.890677,0.855625,0.019480,0.021904
102,0.888977,0.888464,0.858222,0.017854,0.020084
103,0.889226,0.888190,0.859846,0.017830,0.020051
104,0.892102,0.892284,0.862897,0.016685,0.018703
105,0.889440,0.888473,0.864116,0.017964,0.020196
106,0.887880,0.889019,0.855396,0.019061,0.021468
107,0.890348,0.889907,0.861633,0.017535,0.019695
108,0.887670,0.887878,0.859154,0.018040,0.020322
109,0.888834,0.888731,0.860673,0.016785,0.018884
110,0.887570,0.889258,0.856578,0.017478,0.019692
111,0.890638,0.890489,0.866020,0.016877,0.018949
112,0.888484,0.887273,0.860821,0.016665,0.018756
113,0.892022,0.892572,0.866482,0.017454,0.019567
114,0.887767,0.888106,0.856978,0.017218,0.019395
115,0.891856,0.891948,0.863397,0.017526,0.019651
116,0.888333,0.887824,0.861509,0.016582,0.018666
117,0.894969,0.895315,0.867148,0.016983,0.018976
118,0.894056,0.894671,0.866882,0.016969,0.018979
119,0.894108,0.892972,0.870461,0.016703,0.018681
120,0.895145,0.895534,0.865164,0.017884,0.019978
121,0.889613,0.890706,0.864170,0.017393,0.019551
122,0.891145,0.892033,0.868316,0.014948,0.016774
123,0.892860,0.893135,0.866687,0.016382,0.018348
124,0.893442,0.893263,0.867810,0.016191,0.018122
125,0.893799,0.893987,0.868273,0.015269,0.017083
126,0.900147,0.901198,0.873064,0.016664,0.018513
127,0.898797,0.899464,0.872911,0.015658,0.017421
128,0.897448,0.896979,0.873269,0.015517,0.017290
129,0.892397,0.891414,0.868273,0.015178,0.017008
130,0.896552,0.896879,0.872760,0.014508,0.016183
131,0.893711,0.894032,0.869015,0.015709,0.017577
132,0.897261,0.896390,0.874367,0.015349,0.017107
133,0.897177,0.896271,0.873999,0.016096,0.017941
134,0.894840,0.895424,0.869844,0.014770,0.016506
135,0.896064,0.896354,0.871290,0.014582,0.016274
136,0.897832,0.898114,0.875729,0.013947,0.015534
137,0.893704,0.893924,0.869768,0.014417,0.016132
138,0.896775,0.897099,0.870475,0.016011,0.017854
139,0.897846,0.897739,0.870868,0.015564,0.017335
140,0.898074,0.898766,0.870090,0.016329,0.018182
141,0.897118,0.896808,0.873642,0.016303,0.018173
142,0.898968,0.898555,0.874410,0.015652,0.017411
143,0.894611,0.895480,0.868445,0.015318,0.017122
144,0.892651,0.890842,0.867272,0.015782,0.017680
145,0.890916,0.892565,0.865076,0.015614,0.017525
146,0.893520,0.892745,0.870664,0.014887,0.016661
147,0.898620,0.897587,0.875685,0.015080,0.016781
148,0.900972,0.901152,0.879845,0.013960,0.015494
149,0.901972,0.901742,0.875386,0.015447,0.017126
150,0.898896,0.899002,0.873865,0.015121,0.016822
151,0.897368,0.897281,0.872345,0.015301,0.017051
152,0.897153,0.897517,0.872994,0.014047,0.015657
153,0.896877,0.896510,0.873865,0.013922,0.015522
154,0.897473,0.897753,0.873155,0.014951,0.016659
155,0.897625,0.896678,0.874839,0.015370,0.017123
156,0.897560,0.897523,0.874126,0.014362,0.016001
157,0.902087,0.901295,0.877913,0.014599,0.016184
158,0.904140,0.903967,0.880516,0.014622,0.016172
159,0.904481,0.903179,0.883767,0.014283,0.015792
160,0.906498,0.906783,0.882808,0.014610,0.016117
161,0.907135,0.905889,0.882602,0.014414,0.015890
